,id,gender,age_range_id,country_id,referral_id,experience_id,track_id,aim_id,skill_level_id
0,DS301,Male,0,0,6,3,1,5,1
1,DS302,Male,1,0,5,2,1,5,2
2,DS303,Female,0,0,5,2,1,5,3
3,DS304,Female,0,0,5,2,1,5,3
4,DS305,Male,0,0,5,3,1,5,1
5,DS306,Male,1,0,5,0,1,5,2
6,DS307,Female,0,0,5,3,1,1,1
7,DS308,Male,0,0,5,3,1,3,2
8,DS309,Female,1,0,4,3,1,5,1
9,DS310,Male,0,0,3,3,1,1,1
10,DS311,Female,1,0,4,2,1,0,2
11,DS312,Male,0,0,5,3,1,5,2
12,DS313,Male,1,0,5,3,1,5,1
13,DS314,Male,1,0,5,2,1,1,2
14,DS315,Male,0,0,3,3,1,0,1
15,DS316,Male,1,0,5,3,1,5,2
16,DS317,Male,0,0,3,3,1,5,2
17,DS318,Male,1,0,4,2,0,5,3
18,DS319,Female,1,0,5,3,1,0,2
19,DS320,Male,1,0,4,3,1,5,2
20,DS321,Female,0,0,5,0,1,0,3
21,DS322,Male,1,0,3,3,1,5,1
22,DS323,Male,0,0,3,2,0,5,2
23,DS324,Male,1,1,5,3,1,0,1
24,DS325,Male,0,0,5,3,1,0,2
25,DS326,Male,1,0,4,0,1,5,2
26,DS327,Female,1,0,6,3,1,5,1
27,DS328,Male,1,0,4,0,1,5,3
28,DS329,Male,1,0,4,2,1,5,2
29,DS330,Female,3,0,5,3,1,5,1
30,DS331,Female,0,0,5,3,1,1,1
31,DS332,Male,1,0,6,3,1,1,1
32,DS333,Male,1,0,5,2,1,3,2
33,DS334,Female,0,0,5,2,1,5,2
34,DS335,Female,0,0,6,3,1,1,1
35,DS336,Female,0,0,1,3,1,4,2
36,DS337,Female,0,0,5,3,1,1,1
37,DS338,Female,0,0,5,3,1,0,1
38,DS339,Male,0,0,5,3,1,5,1
39,DS340,Male,0,0,5,3,1,5,1
40,DS341,Female,0,0,5,3,1,1,2
41,DS342,Female,0,0,2,3,1,5,1
42,DS343,Female,0,0,5,3,1,1,1
43,DS344,Female,0,0,5,0,1,5,2
44,DS345,Male,0,0,3,3,1,1,1
45,DS346,Male,0,0,5,3,1,1,1
46,DS347,Female,0,0,5,3,1,5,2
47,DS348,Female,1,0,4,1,1,5,3
48,DS349,Female,0,0,5,2,1,1,3
49,DS350,Female,0,0,5,1,1,5,2
50,DS351,Female,1,0,4,3,1,5,2
51,DS352,Female,0,0,3,2,1,5,2
52,DS353,Male,1,0,4,2,1,5,3
53,DS354,Male,0,0,5,3,1,5,1
54,DS355,Male,0,0,5,3,1,5,2
55,DS356,Female,0,0,4,0,1,5,3
56,DS357,Male,1,0,4,3,1,5,2
57,DS358,Male,0,0,5,3,1,1,1
58,DS359,Male,1,0,4,3,1,5,2
59,DS360,Male,0,0,5,3,1,5,1
60,DS361,Male,0,0,5,3,1,1,1
61,DS362,Male,2,0,4,2,1,5,2
62,DS363,Male,0,0,5,3,1,5,2
0,DA301,Female,0,0,5,3,0,1,2
1,DA302,Male,0,0,4,3,0,0,1
2,DA303,Male,0,0,5,2,0,5,1
3,DA304,Male,1,0,4,0,0,0,2
4,DA305,Male,0,0,3,2,0,0,3
5,DA306,Male,1,0,5,3,0,5,1
6,DA307,Female,1,0,4,3,0,5,1
7,DA308,Male,0,0,5,2,0,5,2
8,DA309,Male,1,0,4,3,0,5,1
9,DA310,Male,0,0,3,0,0,5,3
10,DA311,Male,1,0,3,2,0,5,2
11,DA312,Male,0,0,4,2,0,5,3
12,DA313,Female,0,0,6,2,0,5,2
13,DA314,Female,0,0,6,3,0,5,2
14,DA315,Male,0,0,3,2,0,5,2
15,DA316,Male,0,0,5,0,0,5,2
16,DA317,Male,1,0,4,2,0,5,3
17,DA318,Male,0,0,4,3,0,1,2
18,DA319,Male,1,0,4,3,0,5,2
19,DA320,Male,1,0,4,2,0,5,3
20,DA321,Male,0,0,4,3,0,1,1
21,DA322,Male,1,0,4,2,0,2,2
22,DA323,Male,0,0,4,3,0,5,2
23,DA324,Male,0,0,5,3,0,5,2
24,DA325,Male,1,0,0,1,0,5,0
25,DA326,Female,1,0,2,3,0,5,1
26,DA327,Male,1,0,3,3,0,5,1
27,DA328,Female,1,0,4,3,0,1,1
28,DA329,Female,0,0,4,2,0,5,2
29,DA330,Female,0,0,5,3,0,5,1
30,DA331,Female,1,0,6,2,0,5,2
31,DA332,Female,0,0,5,3,0,1,1
32,DA333,Male,1,0,4,3,0,5,1
33,DA334,Female,0,0,5,3,1,1,1
34,DA335,Female,2,0,4,2,0,0,2
35,DA336,Male,1,0,5,3,0,5,1
36,DA337,Female,1,0,4,3,0,5,1
37,DA338,Male,0,0,4,3,0,1,2
38,DA339,Female,2,0,4,3,0,1,2
39,DA340,Male,0,0,4,3,0,0,2
40,DA341,Female,1,0,5,3,0,5,2
41,DA342,Male,0,0,4,3,0,5,1
42,DA343,Female,0,0,5,3,0,0,2
43,DA344,Female,1,0,5,3,0,5,2
44,DA345,Male,0,0,4,1,0,5,3
45,DA346,Female,1,0,5,3,0,5,2
46,DA347,Male,2,0,4,2,0,5,2
47,DA348,Male,1,0,5,3,0,5,2
48,DA349,Male,1,0,3,3,0,0,2
49,DA350,Male,1,0,5,2,0,1,2
50,DA351,Female,1,0,5,3,0,0,2
51,DA352,Male,1,0,4,2,0,5,3
